1 1 0,00041020 0,00564060 0,01166560
1 2 0,00000050 0,00893080 0,00029990
1 4 0,00000070 0,05291150 0,00021070
1 8 0,00000080 0,07685130 0,00028070
1 16 0,00000040 0,19497890 0,00017150
2 1 0,00000160 0,00611670 0,00003850
2 2 0,00000130 0,01071280 0,00020070
2 4 0,00000130 0,04359830 0,00016220
2 8 0,00000100 0,08686020 0,00017480
2 16 0,00000100 0,11586090 0,00014370
5 1 0,00000270 0,00627940 0,00002500
5 2 0,00000390 0,00840990 0,00017960
5 4 0,00000340 0,04615600 0,00015020
5 8 0,00000390 0,04992360 0,00011030
5 16 0,00000380 0,20404060 0,00012260
10 1 0,00005350 0,00733010 0,00007870
10 2 0,00001610 0,05187030 0,00024000
10 4 0,00003490 0,04328430 0,00015600
10 8 0,00001850 0,12018900 0,00015900
10 16 0,00001940 0,17857050 0,00015780
20 1 0,00011510 0,00628580 0,00014500
20 2 0,00011760 0,04629910 0,00047410
20 4 0,00014190 0,05194200 0,00017680
20 8 0,00011380 0,10508090 0,00051760
20 16 0,00014600 0,21258090 0,00017300
50 1 0,00175480 0,00929270 0,00190160
50 2 0,00197550 0,01630860 0,00140260
50 4 0,00194020 0,04654760 0,00100170
50 8 0,00242490 0,11115210 0,00077440
50 16 0,00267210 0,21526840 0,00101290
100 1 0,01433850 0,02335030 0,01516150
100 2 0,01817960 0,02661970 0,01058130
100 4 0,01394030 0,05609960 0,00593810
100 8 0,01434860 0,05259810 0,00464770
100 16 0,01462100 0,16716640 0,00365180
200 1 0,12297330 0,13938250 0,12722380
200 2 0,11702740 0,07928570 0,06102620
200 4 0,11616820 0,09880740 0,04773540
200 8 0,12335040 0,11746300 0,03229400
200 16 0,12761360 0,17883380 0,01956170
500 1 2,04892910 2,95523160 3,01501030
500 2 2,41761930 1,65213510 1,40756420
500 4 2,00103780 0,79598420 0,76867150
500 8 2,16009600 0,56020120 0,49783300
500 16 2,09279690 0,48710530 0,40253100
1000 1 18,82188310 18,84250230 22,59285040
1000 2 21,58051320 14,16542970 12,91520170
1000 4 20,78280390 7,79952720 7,87828140
1000 8 19,80336000 4,91861110 4,89910610
1000 16 19,83497760 3,79632260 3,76278970
2000 1 162,86234220 170,76092910 165,97626450
3 3 0,00037450 0,02907490 0,02108230
