n threads TimeSeq TimeThread TimeParallel1
1 1 0,00006626 0,00773569 0,00157678
1 2 0,00000053 0,01774069 0,00019745
1 4 0,00000056 0,04205391 0,00021272
1 8 0,00000060 0,09527125 0,00021125
1 16 0,00000058 0,20844511 0,00021346
2 1 0,00000093 0,00885304 0,00004193
2 2 0,00000109 0,02453072 0,00016978
2 4 0,00000098 0,04523355 0,00016808
2 8 0,00000083 0,11026874 0,00018062
2 16 0,00000077 0,21249313 0,00019376
5 1 0,00000452 0,00771406 0,00003386
5 2 0,00000413 0,02654640 0,00015074
5 4 0,00000455 0,03555377 0,00017640
5 8 0,00000519 0,08788641 0,00014886
5 16 0,00000526 0,21344603 0,00013751
10 1 0,00002427 0,00987089 0,00018789
10 2 0,00002727 0,04187996 0,00010965
10 4 0,00002952 0,04947409 0,00016557
10 8 0,00003274 0,09684069 0,00013927
10 16 0,00003087 0,21573849 0,00017762
20 1 0,00018440 0,00730080 0,00023813
20 2 0,00022956 0,02922206 0,00061850
20 4 0,00021486 0,05122719 0,00026241
20 8 0,00023447 0,10168895 0,00029281
20 16 0,00016273 0,18585239 0,00024336
50 1 0,00178855 0,01124541 0,00257778
50 2 0,00225715 0,03904885 0,00179768
50 4 0,00187211 0,04948608 0,00123884
50 8 0,00260393 0,09399326 0,00102731
50 16 0,00579568 0,17209515 0,00077865
100 1 0,01440436 0,02539534 0,01562966
100 2 0,01417676 0,02293259 0,00848375
100 4 0,01439200 0,04875038 0,00534073
100 8 0,01422011 0,07443239 0,00414513
100 16 0,01412353 0,14524190 0,00398420
200 1 0,11806324 0,13203974 0,12288449
200 2 0,11601225 0,08527593 0,06363399
200 4 0,11868379 0,06845423 0,03759570
200 8 0,11764169 0,08618184 0,02865347
200 16 0,11989730 0,11487927 0,02255463
500 1 1,92163885 1,99859712 2,03094937
500 2 1,94796419 1,11552668 1,05491171
500 4 1,97741964 0,64509035 0,59302205
500 8 1,98772424 0,47787402 0,42092056
500 16 1,99693400 0,43875964 0,34144368
1000 1 17,99265935 18,86120866 18,35074569
1000 2 17,89187462 10,28114311 10,40340056
1000 4 18,28135227 7,90273882 7,82475954
1000 8 18,21460876 4,75794386 4,75332089
1000 16 18,12279740 3,53093499 3,42312219
