1 1 0,00036300 0,00491020 0,01199870
1 2 0,00000100 0,04473510 0,00052760
1 4 0,00000050 0,01907600 0,00012260
1 8 0,00000100 0,07903180 0,00015530
1 16 0,00000080 0,18532730 0,00026880
2 1 0,00000150 0,00640590 0,00003390
2 2 0,00000120 0,03579840 0,00015670
2 4 0,00000160 0,04537800 0,00026570
2 8 0,00000120 0,10009240 0,00016840
2 16 0,00000110 0,19689680 0,00016470
5 1 0,00000260 0,00793500 0,00003530
5 2 0,00000780 0,03408900 0,00014960
5 4 0,00000250 0,02333610 0,00014600
5 8 0,00000270 0,08685570 0,00013220
5 16 0,00000250 0,21691840 0,00019010
10 1 0,00001560 0,00641590 0,00006270
10 2 0,00002360 0,01239570 0,00252730
10 4 0,00002610 0,04517840 0,00016350
10 8 0,00002080 0,09800990 0,00019860
10 16 0,00002830 0,19666380 0,00013370
20 1 0,00016720 0,00661700 0,00030550
20 2 0,00018010 0,01229470 0,00018700
20 4 0,00016540 0,07111520 0,00036020
20 8 0,00012940 0,13473400 0,00033220
20 16 0,00013030 0,15967740 0,00017410
50 1 0,00191090 0,01033270 0,00241540
50 2 0,00191310 0,01494730 0,00146450
50 4 0,00179840 0,04837190 0,00137830
50 8 0,00225340 0,09841220 0,00066560
50 16 0,00187690 0,19989460 0,00073410
100 1 0,01387780 0,02414610 0,01481390
100 2 0,01410890 0,02006050 0,00765900
100 4 0,01421100 0,05949150 0,00507650
100 8 0,01440570 0,08353650 0,00397170
100 16 0,01405150 0,14927960 0,00367250
200 1 0,11937240 0,13512720 0,12272580
200 2 0,11731730 0,07643710 0,08116440
200 4 0,13893370 0,07277630 0,04747270
200 8 0,14296200 0,10074680 0,04051830
200 16 0,13190410 0,17756280 0,02620250
